 2.416900 
 2.348000 
 2.273200 
 2.340100 
 2.296100 
 2.353600 
 2.381600 
 2.256100 
 2.314500 
 2.303900 
 2.333600 
 2.325800 
 2.433100 
 2.336000 
 2.296700 
 2.352900 
 2.286500 
 2.362400 
 2.249200 
 2.355000 
 2.348100 
 2.338900 
 2.378100 
 2.432600 
 2.367000 
 2.231800 
 2.494100 
 2.259200 
 2.305100 
 2.401100 
 2.288200 
 2.365100 
 2.361500 
 2.385800 
 2.483000 
 2.347500 
 2.352100 
 2.344800 
 2.390800 
 2.319400 
 2.321000 
 2.369000 
 2.408100 
 2.372200 
 2.296600 
 2.301900 
 2.326400 
 2.389400 
 2.369300 
 2.321800 
 2.363900 
 2.217000 
 2.365800 
 2.374500 
 2.323600 
 2.307900 
 2.323500 
 2.361500 
 2.272400 
 2.351900 
 2.346300 
 2.374800 
 2.415400 
 2.299500 
 2.355800 
 2.332700 
 2.338200 
 2.361100 
 2.450700 
 2.335000 
 2.389700 
 2.402600 
 2.369900 
 2.375800 
 2.401300 
 2.338400 
 2.285500 
 2.260800 
 2.430800 
 2.322800 
 2.266700 
 2.314900 
 2.290400 
 2.323500 
 2.342900 
 2.318000 
 2.350800 
 2.287500 
 2.307700 
 2.356700 
 2.375800 
 2.365800 
 2.372000 
 2.267600 
 2.355400 
 2.294000 
 2.292300 
 2.373100 
 2.334100 
 2.268400 
 2.387900 
 2.358700 
 2.451900 
 2.296600 
 2.338500 
 2.361700 
 2.355300 
 2.404500 
 2.356800 
 2.402600 
 2.376400 
 2.344600 
 2.351300 
 2.402400 
 2.331700 
 2.299100 
 2.292600 
 2.341900 
 2.412700 
 2.356500 
 2.368000 
 2.388100 
 2.411800 
 2.416800 
 2.322200 
 2.346000 
 2.359900 
 2.387900 
 2.328300 
 2.280600 
 2.223000 
 2.348800 
 2.406300 
 2.353200 
 2.285200 
 2.344400 
 2.325200 
 2.349500 
 2.350900 
 2.253300 
 2.356300 
 2.326500 
 2.339100 
 2.284400 
 2.380300 
 2.407600 
 2.325800 
 2.354300 
 2.338600 
 2.432500 
 2.287300 
 2.384500 
 2.335600 
 2.340400 
 2.374400 
 2.311000 
 2.314700 
 2.346300 
 2.471800 
 2.388400 
 2.262500 
 2.318300 
 2.320900 
 2.349500 
 2.321700 
 2.376800 
 2.316700 
 2.264400 
 2.276600 
 2.339500 
 2.335600 
 2.319300 
 2.323300 
 2.310000 
 2.293000 
 2.443100 
 2.314100 
 2.389800 
 2.308500 
 2.341800 
 2.361400 
 2.441000 
 2.370200 
 2.421000 
 2.277700 
 2.427500 
 2.413000 
 2.318500 
 2.282500 
 2.266300 
 2.369300 
 2.349700 
 2.381400 
 2.326000 
 2.326300 
 2.249800 
 2.285500 
 2.309600 
 2.312300 
 2.334100 
 2.424700 
 2.311800 
 2.248000 
 2.310200 
 2.357100 
 2.339200 
 2.362600 
 2.264000 
 2.317600 
 2.315800 
 2.300100 
 2.370400 
 2.392800 
 2.358400 
 2.348900 
 2.317700 
 2.304600 
 2.378600 
 2.330500 
 2.269300 
 2.354000 
 2.299600 
 2.335900 
 2.417400 
 2.297400 
 2.373700 
 2.267000 
 2.256300 
 2.375900 
 2.292200 
 2.330700 
 2.362100 
 2.369900 
 2.311200 
 2.388500 
 2.358500 
 2.362100 
 2.317100 
 2.337000 
 2.306100 
 2.302500 
 2.357900 
 2.358300 
 2.325300 
 2.363200 
 2.300600 
 2.346600 
 2.358300 
 2.254100 
 2.333900 
 2.332800 
 2.336400 
 2.350500 
 2.369000 
 2.398700 
 2.333200 
 2.364900 
 2.350100 
 2.355600 
 2.331300 
 2.344100 
 2.403500 
 2.353100 
 2.339100 
 2.267100 
 2.366900 
 2.347000 
 2.298700 
 2.328700 
 2.382500 
 2.270900 
 2.313900 
 2.352500 
 2.304400 
 2.373100 
 2.321800 
 2.329200 
 2.335600 
 2.415300 
 2.326600 
 2.386400 
 2.386200 
 2.314000 
 2.328300 
 2.392300 
 2.352600 
 2.333200 
 2.284700 
 2.394800 
 2.298000 
 2.342500 
 2.315100 
 2.321700 
 2.340300 
 2.352100 
 2.342500 
 2.312400 
 2.435300 
 2.344800 
 2.234700 
 2.376200 
 2.359600 