 3.840300 
 3.797600 
 4.192700 
 3.672500 
 4.064300 
 3.839100 
 3.625200 
 3.951800 
 4.008300 
 3.788400 
 3.854300 
 3.803200 
 3.623400 
 3.673500 
 3.685800 
 3.391600 
 3.852400 
 3.718700 
 3.867700 
 3.602200 
 3.740200 
 4.060800 
 3.407600 
 3.635000 
 3.767000 
 3.425000 
 4.000000 
 3.518200 
 3.774700 
 3.687900 
 3.802900 
 4.219900 
 3.768600 
 3.780400 
 3.576000 
 3.843300 
 3.620500 
 3.684900 
 3.756900 
 3.831800 
 3.948900 
 3.619700 
 3.608600 
 4.060400 
 3.617900 
 3.926500 
 3.544900 
 3.360600 
 3.836900 
 4.034000 
 3.473800 
 3.930700 
 3.956400 
 3.674600 
 3.287700 
 3.425000 
 3.742400 
 3.604300 
 3.795800 
 3.873800 
 3.513300 
 3.445000 
 3.875100 
 3.711700 
 3.338300 
 3.978100 
 3.382600 
 3.637600 
 3.705600 
 3.541600 
 4.238700 
 3.756500 
 4.072800 
 3.478600 
 3.944700 
 3.553000 
 3.875800 
 3.556100 
 3.779100 
 3.345700 
 3.727100 
 3.398000 
 3.808400 
 3.843100 
 3.529600 
 3.519400 
 3.840900 
 3.666400 
 3.907100 
 3.709500 
 3.800600 
 3.365400 
 3.615200 
 4.108000 
 3.729200 
 3.442800 
 4.183200 
 3.729200 
 3.611200 
 4.068900 
